86 177 115 
135 186 92 49 
162 27 90 
163 126 140 
172 136 
168 167 29 182 
62 123 67 135 
2 22 58 69 
193 56 
42 29 173 
119 184 
198 124 115 
13 126 
180 156 73 
170 196 81 105 
84 127 
105 46 129 113 
124 95 182 145 
167 34 164 43 
87 8 76 178 
184 3 51 154 
132 60 76 
139 12 
186 94 139 
170 34 
67 1 97 
117 92 52 156 
80 86 41 
89 44 
40 129 31 117 
171 81 
109 127 167 56 
153 186 165 106 
19 24 128 71 
29 103 19 70 
108 115 
149 196 123 
45 46 51 121 
179 88 164 28 
150 193 100 
164 124 114 187 
143 91 27 165 
136 32 
37 28 75 7 
121 58 
29 37 35 
18 28 143 
128 129 
4 43 163 13 
6 40 104 18 
88 169 
117 196 
143 70 183 90 
172 125 44 190 
139 154 186 69 
142 64 197 107 
4 148 
22 28 99 143 
168 140 22 
10 5 1 61 
78 105 
136 44 
122 65 
16 82 58 124 
62 24 
36 52 
179 150 68 71 
131 81 
133 94 60 
199 181 
196 159 173 13 
190 95 
66 84 140 90 
176 142 136 107 
156 179 
87 12 
172 59 9 
10 142 187 6 
113 172 
55 19 199 
104 139 
140 67 105 
127 150 
58 120 
22 69 196 
30 84 92 
72 50 
185 22 99 
42 98 113 
190 124 9 181 
136 132 
194 4 179 
73 176 50 55 
142 179 84 
5 21 167 
13 161 154 126 
144 2 
106 184 21 
68 128 
72 108 158 
36 8 
48 103 133 
48 90 154 
146 168 129 
46 188 197 49 
103 33 163 
53 92 86 125 
196 175 188 157 
36 60 
121 60 104 28 
50 148 156 
194 97 99 43 
2 28 3 100 
47 138 159 151 
134 139 92 15 
104 29 
164 85 29 
135 177 100 38 
149 89 167 188 
195 143 
29 190 
140 141 
26 32 
42 160 117 23 
81 109 190 25 
167 77 34 90 
124 57 14 
5 158 112 186 
146 126 194 
152 178 129 
90 47 
51 80 31 
57 27 112 
14 155 112 
12 79 10 169 
74 155 
20 33 187 88 
166 170 84 
17 6 60 49 
5 59 17 118 
183 73 58 37 
83 7 
157 114 
129 100 
18 38 25 
74 33 
81 93 158 
99 17 39 
163 22 194 173 
31 62 82 
92 191 57 115 
157 174 91 147 
31 21 137 
54 30 98 125 
116 2 31 
196 4 
180 18 21 170 
12 179 
85 136 
176 83 
159 57 144 99 
127 150 
160 18 105 163 
44 111 
134 91 175 155 
189 168 
118 5 
22 182 117 
93 174 126 193 
53 143 
14 113 
177 162 175 88 
110 132 
17 146 
137 91 153 143 
128 125 91 
18 17 36 163 
90 58 130 104 
61 33 85 189 
4 51 
50 68 103 85 
195 39 149 120 
26 163 77 
181 65 
36 155 
118 11 
132 196 
121 70 184 
27 34 40 
72 198 
63 147 150 
173 114 
122 47 124 
35 32 
154 43 98 
40 78 
62 83 41 
123 124 72 
154 135 
57 165 
171 176 
18 101 
53 133 107 
128 6 
120 84 108 
98 191 
98 115 
171 189 
106 10 16 24 
139 0 178 
53 81 114 138 
26 67 147 23 
31 132 122 
75 50 179 
54 150 131 13 
94 181 
3 120 33 
181 87 15 96 
4 122 
151 97 32 
181 106 
57 108 195 
162 97 83 
154 177 109 
132 182 
66 163 
82 11 85 
85 130 190 
114 76 
20 92 125 
39 125 
136 160 
43 137 128 182 
110 155 
25 15 170 
53 8 
183 150 57 97 
126 69 
51 149 110 
39 198 
10 193 
90 176 
152 131 87 
99 57 
152 17 41 
168 98 184 
176 5 
28 154 128 
193 78 197 155 
174 45 0 
197 83 12 127 
21 93 
39 134 21 
185 157 154 161 
172 141 116 52 
62 82 199 
154 173 
106 51 
190 63 
172 37 137 
28 71 80 187 
190 141 170 152 
111 69 117 
83 151 112 100 
38 67 164 89 
154 104 75 
141 12 
169 36 170 156 
160 49 14 
114 126 86 183 
169 135 
21 193 
89 109 
73 64 135 
95 77 113 
198 149 155 193 
156 160 133 
86 171 158 
140 45 181 161 
123 50 100 154 
164 42 
59 119 89 44 
38 151 
183 19 
143 104 
181 75 66 
167 112 192 129 
68 131 
174 7 118 16 
177 87 72 173 
62 125 133 197 
18 141 
126 74 180 193 
148 105 30 
159 98 
162 24 119 
41 102 
80 126 183 
140 108 123 
157 93 31 110 
105 90 13 191 
70 21 
29 71 
143 95 
24 88 154 
169 32 
110 173 30 33 
187 79 94 49 
151 139 64 142 
86 115 149 
186 81 11 
133 187 122 87 
43 119 142 154 
124 139 
63 18 
112 69 105 4 
199 134 
115 35 87 
69 50 
2 37 162 89 
5 160 
111 157 29 3 
92 21 122 
43 179 161 
178 47 
45 82 
99 151 189 
153 26 148 194 
106 107 92 17 
121 20 80 166 
154 123 
133 84 117 112 
17 109 165 156 
69 145 195 22 
95 169 159 1 
52 171 140 125 
172 91 89 127 
78 12 50 
124 133 13 
99 170 
168 115 141 142 
37 63 198 190 
2 113 31 128 
4 171 146 83 
25 95 140 
172 26 34 
125 156 
45 72 46 139 
83 3 61 25 
16 139 174 144 
130 67 94 
157 119 60 50 
32 76 
190 153 35 
198 107 
137 170 
140 184 
83 0 92 9 
40 139 163 135 
73 6 164 123 
149 151 130 
104 165 186 
25 79 191 147 
84 131 161 
131 53 
27 94 19 143 
123 168 187 
43 38 
194 120 80 98 
18 152 
98 95 
105 179 142 66 
25 72 178 
166 197 148 
72 116 86 
159 77 
153 197 132 3 
151 107 98 
154 61 106 134 
125 184 
197 163 
115 160 181 14 
97 100 8 129 
113 79 34 116 
185 175 165 186 
26 92 16 29 
152 9 166 
195 33 28 
47 13 
100 62 186 29 
100 108 
16 175 
144 140 120 26 
165 194 
134 146 108 53 
103 86 42 
134 7 
34 69 
15 184 96 
182 65 51 
161 143 
187 61 
181 160 88 
20 141 93 124 
135 108 
142 70 
163 66 11 
115 87 34 132 
150 93 33 
80 94 93 
54 182 44 
123 138 151 73 
65 168 81 13 
99 177 135 
64 169 
107 72 191 140 
23 187 57 
193 39 81 
114 171 18 196 
83 164 167 97 
67 74 135 33 
57 132 149 129 
90 92 147 
149 135 22 
168 43 55 139 
25 136 
60 52 20 
4 87 183 
121 26 197 5 
78 128 169 170 
198 120 163 21 
83 16 67 
182 92 111 35 
163 8 
168 95 198 60 
176 9 173 103 
54 73 57 
23 129 
44 142 80 12 
55 147 54 
134 159 81 142 
1 38 171 13 
99 22 
155 61 90 180 
123 3 0 120 
142 152 12 104 
159 158 125 94 
158 36 90 160 
14 173 137 65 
21 20 9 
0 32 186 4 
58 156 127 
168 31 169 128 
46 174 58 
10 101 165 189 
90 126 132 
99 105 
162 57 
148 61 17 
169 97 138 
139 18 
185 192 80 142 
133 107 143 0 
21 85 188 
190 140 
47 125 183 61 
142 30 
63 120 
154 138 142 
130 22 34 
108 94 180 44 
145 184 122 
125 157 135 
92 148 
186 130 
49 51 112 156 
54 48 
28 82 157 
176 137 
20 139 94 
14 182 82 123 
36 15 17 84 
99 124 154 
36 110 92 
158 164 23 41 
111 169 10 
190 102 155 
116 89 
39 158 17 
175 101 
74 178 65 177 
176 69 161 
33 136 127 
199 97 116 
39 170 167 
86 8 167 77 
136 35 93 
146 119 167 
96 134 140 117 
74 150 31 
8 30 
125 42 90 47 
76 134 169 
163 135 131 
180 120 97 100 
61 196 174 
114 69 28 
52 182 25 
33 102 77 123 
190 151 35 
146 199 47 
102 28 149 199 
189 13 76 163 
190 184 194 159 
176 184 71 9 
100 84 139 
35 175 50 
126 50 162 
78 64 179 158 
144 34 
111 177 105 
136 142 
72 165 195 
65 32 
107 67 
158 1 102 160 
82 38 27 14 
33 158 30 154 
7 59 127 95 
113 167 118 
29 135 92 31 
112 7 
113 62 28 96 
56 110 
41 69 
195 90 89 
169 136 8 82 
126 95 
14 187 164 
51 124 
164 138 123 193 
26 1 
125 194 166 
189 56 47 195 
184 3 60 
82 155 173 
95 90 
146 166 
63 104 
8 90 
161 35 93 155 
51 144 10 91 
35 47 48 75 
156 0 
51 42 
149 160 
164 64 
172 155 11 
142 56 
96 59 136 58 
28 46 97 
94 124 156 
125 85 53 
71 155 80 
119 96 
44 3 130 
146 186 170 
45 58 52 
86 98 5 113 
130 21 147 
58 0 78 
107 158 53 
7 172 175 
102 104 108 40 
102 86 85 106 
123 4 
37 101 
10 48 192 
0 71 150 
181 156 87 
128 62 
183 118 59 
145 114 61 
172 7 57 
111 94 30 144 
78 137 
78 160 28 
141 184 25 82 
39 33 48 
44 23 55 
85 189 83 
46 12 155 
42 100 150 120 
28 150 
56 137 42 41 
124 58 154 109 
64 154 81 119 
118 60 99 163 
63 118 199 105 
101 177 
129 128 12 
17 55 
83 179 189 
89 47 53 195 
124 11 199 
111 114 43 
184 42 32 107 
161 18 
41 31 163 10 
94 17 35 83 
82 137 53 
13 17 114 
80 180 41 6 
35 38 23 
152 42 109 145 
24 156 63 71 
80 106 85 
189 174 
56 188 161 
138 41 
179 48 18 
38 42 
142 84 159 
61 135 
124 6 198 156 
35 47 
162 144 
102 57 32 
51 86 
99 104 89 
146 139 184 182 
72 43 186 68 
192 18 76 57 
75 63 15 
125 69 77 
109 80 
32 131 100 
20 46 
156 29 64 
24 50 
144 194 
172 4 72 
67 39 
193 109 
54 170 128 50 
59 150 
31 148 42 
177 106 168 
108 169 
103 187 70 
11 69 126 
40 71 64 88 
186 16 176 
27 78 122 
26 165 199 
23 167 158 132 
8 187 76 
94 39 
172 42 
44 106 180 
93 149 98 186 
176 109 187 2 
138 158 
58 68 181 
28 120 
58 14 62 139 
154 135 
134 57 160 35 
146 164 83 55 
37 33 42 148 
100 168 16 46 
137 21 
103 187 
42 43 175 
110 62 186 
97 93 17 61 
24 117 166 58 
66 93 59 186 
57 135 
30 95 
17 116 96 
92 74 
106 60 
3 106 
17 34 139 
152 149 93 18 
104 5 113 92 
144 187 4 161 
101 126 148 
50 54 139 
9 45 111 26 
2 112 
152 157 3 
61 160 
127 52 153 
40 157 184 48 
111 148 
113 154 77 
163 74 124 142 
126 54 
78 164 
25 177 102 27 
154 180 175 
90 160 
100 23 
190 88 
19 149 
93 25 154 
151 160 
182 124 
159 102 183 186 
137 167 134 36 
46 30 109 
125 51 
173 70 58 
164 83 139 
186 52 103 168 
32 127 
167 66 37 104 
171 92 
17 75 55 38 
107 147 
177 157 
93 192 50 57 
102 160 147 
144 26 61 111 
98 168 77 
60 71 190 
79 180 87 
79 13 163 36 
9 28 
66 159 
27 58 60 171 
73 35 129 124 
158 145 15 
88 103 61 68 
47 100 155 162 
31 171 117 
38 76 187 17 
199 140 170 72 
51 196 
10 94 98 192 
153 53 2 
52 54 155 14 
186 138 60 
128 88 83 145 
34 37 144 107 
196 55 
6 149 97 150 
2 3 
50 55 
5 21 35 191 
95 88 
183 123 136 157 
126 102 65 
50 120 90 
22 188 158 
190 161 95 40 
140 197 141 175 
53 23 29 
158 152 
116 110 59 170 
150 172 0 
180 174 138 31 
99 79 163 19 
161 112 
54 117 169 83 
128 187 95 196 
154 166 
56 138 129 96 
55 29 8 87 
107 118 
78 137 
190 35 82 108 
117 22 85 
69 81 107 
199 36 79 
118 127 7 173 
15 12 108 74 
176 104 19 
46 55 39 106 
108 128 
165 197 
72 172 129 61 
18 131 83 177 
191 144 69 52 
151 28 26 
184 72 130 
179 94 84 59 
49 9 73 
181 2 135 137 
66 20 
74 11 
143 15 167 47 
193 122 180 17 
107 196 
191 8 89 
17 162 
150 116 154 87 
172 59 141 
23 138 
38 105 189 82 
63 14 67 
121 16 165 65 
6 58 41 
125 191 188 
31 28 
90 169 97 113 
191 152 
132 186 
195 0 185 
73 1 179 
177 137 
18 57 73 
45 104 193 
107 35 
5 149 148 53 
81 39 
76 191 177 
64 130 
155 108 160 151 
169 177 40 
81 33 
189 69 139 
170 96 
23 170 
14 161 
5 138 
21 69 
176 177 
80 55 199 57 
166 138 81 
79 102 49 25 
146 72 47 
47 61 77 51 
16 98 40 
168 16 166 149 
21 148 105 69 
196 151 
75 5 26 
30 172 
29 88 172 43 
176 61 
26 101 
194 70 89 96 
62 196 24 
63 20 
40 47 192 18 
22 143 25 
183 150 47 
78 108 187 104 
62 51 32 
147 102 166 143 
50 158 98 37 
98 29 
198 4 
176 8 
78 55 
108 163 
164 77 151 15 
54 114 12 
10 90 
168 141 107 
39 89 
189 93 
117 53 151 
108 52 55 23 
172 101 
139 162 
54 126 
16 169 189 184 
49 55 
90 47 42 
103 112 188 
11 96 
19 71 
191 124 
130 87 143 
165 62 152 134 
89 196 4 96 
94 96 92 29 
156 17 158 
65 122 186 137 
177 61 71 
100 166 
66 180 
0 135 38 197 
134 46 186 
90 16 182 
185 92 
51 14 
140 41 130 153 
190 54 
186 72 
87 72 
125 21 189 60 
176 42 110 192 
109 129 69 75 
83 27 120 
109 74 
99 80 
38 152 132 
176 182 
198 171 63 170 
57 32 91 
141 21 103 16 
138 196 26 
105 52 3 
132 126 195 
58 120 
192 123 162 
138 132 63 
165 107 182 58 
37 27 
175 23 59 190 
111 146 85 
72 32 
82 105 
75 28 
39 119 43 54 
160 161 1 170 
38 197 75 13 
86 156 101 198 
138 145 174 123 
56 28 
131 8 
122 79 
177 146 190 
147 113 132 137 
7 151 83 
107 136 43 
26 189 
149 118 191 177 
123 138 30 197 
13 174 116 155 
15 68 
153 179 
56 14 1 
150 197 
176 138 11 
8 2 55 
77 193 185 
11 198 1 127 
18 142 174 167 
153 123 103 167 
18 69 26 
46 164 105 
172 60 179 
137 125 64 
136 15 166 
121 184 
95 152 157 
27 60 
56 31 190 
125 188 46 
112 170 43 
49 132 16 66 
104 81 63 71 
199 181 
151 90 2 131 
75 187 
65 70 
5 68 
117 191 189 160 
73 129 58 170 
91 185 57 
137 190 199 
80 153 171 
28 159 20 45 
183 50 1 129 
192 70 80 137 
9 147 
194 39 3 188 
193 187 181 25 
152 112 121 63 
167 44 115 
46 44 89 
114 121 127 
130 75 76 
31 80 54 171 
42 104 3 135 
115 56 72 
175 117 114 
163 158 186 153 
107 81 33 
108 61 17 174 
49 28 15 75 
72 30 157 81 
166 153 
141 70 58 
185 16 24 139 
83 172 
72 32 
42 6 82 
186 50 118 9 
148 118 155 45 
108 189 178 179 
16 164 
193 55 7 76 
185 101 11 175 
