87 178 116 
136 187 93 50 
163 28 91 
164 127 141 
173 137 
169 168 30 183 
63 124 68 136 
3 23 59 70 
194 57 
43 30 174 
120 185 
199 125 116 
14 127 
181 157 74 
171 197 82 106 
85 128 
106 47 130 114 
125 96 183 146 
168 35 165 44 
88 9 77 179 
185 4 52 155 
133 61 77 
140 13 
187 95 140 
171 35 
68 2 98 
118 93 53 157 
81 87 42 
90 45 
41 130 32 118 
172 82 
110 128 168 57 
154 187 166 107 
20 25 129 72 
30 104 20 71 
109 116 
150 197 124 
46 47 52 122 
180 89 165 29 
151 194 101 
165 125 115 188 
144 92 28 166 
137 33 
38 29 76 8 
122 59 
30 38 36 
19 29 144 
129 130 
5 44 164 14 
7 41 105 19 
89 170 
118 197 
144 71 184 91 
173 126 45 191 
140 155 187 70 
143 65 198 108 
5 149 
23 29 100 144 
169 141 23 
11 6 2 62 
79 106 
137 45 
123 66 
17 83 59 125 
63 25 
37 53 
180 151 69 72 
132 82 
134 95 61 
200 182 
197 160 174 14 
191 96 
67 85 141 91 
177 143 137 108 
157 180 
88 13 
173 60 10 
11 143 188 7 
114 173 
56 20 200 
105 140 
141 68 106 
128 151 
59 121 
23 70 197 
31 85 93 
73 51 
186 23 100 
43 99 114 
191 125 10 182 
137 133 
195 5 180 
74 177 51 56 
143 180 85 
6 22 168 
14 162 155 127 
145 3 
107 185 22 
69 129 
73 109 159 
37 9 
49 104 134 
49 91 155 
147 169 130 
47 189 198 50 
104 34 164 
54 93 87 126 
197 176 189 158 
37 61 
122 61 105 29 
51 149 157 
195 98 100 44 
3 29 4 101 
48 139 160 152 
135 140 93 16 
105 30 
165 86 30 
136 178 101 39 
150 90 168 189 
196 144 
30 191 
141 142 
27 33 
43 161 118 24 
82 110 191 26 
168 78 35 91 
125 58 15 
6 159 113 187 
147 127 195 
153 179 130 
91 48 
52 81 32 
58 28 113 
15 156 113 
13 80 11 170 
75 156 
21 34 188 89 
167 171 85 
18 7 61 50 
6 60 18 119 
184 74 59 38 
84 8 
158 115 
130 101 
19 39 26 
75 34 
82 94 159 
100 18 40 
164 23 195 174 
32 63 83 
93 192 58 116 
158 175 92 148 
32 22 138 
55 31 99 126 
117 3 32 
197 5 
181 19 22 171 
13 180 
86 137 
177 84 
160 58 145 100 
128 151 
161 19 106 164 
45 112 
135 92 176 156 
190 169 
119 6 
23 183 118 
94 175 127 194 
54 144 
15 114 
178 163 176 89 
111 133 
18 147 
138 92 154 144 
129 126 92 
19 18 37 164 
91 59 131 105 
62 34 86 190 
5 52 
51 69 104 86 
196 40 150 121 
27 164 78 
182 66 
37 156 
119 12 
133 197 
122 71 185 
28 35 41 
73 199 
64 148 151 
174 115 
123 48 125 
36 33 
155 44 99 
41 79 
63 84 42 
124 125 73 
155 136 
58 166 
